
A =

     6     4     2     1     3
     4     7     6     2     1
     2     6     8     9     5
     1     2     9     4     3
     3     1     5     3     1

>> [v, d]=eig(A)

v =

    0.1362   -0.3223    0.5518    0.7008   -0.2863
   -0.2800    0.1271   -0.6945    0.4809   -0.4380
    0.6780    0.0792   -0.0624   -0.3144   -0.6568
   -0.5652   -0.5267    0.1288   -0.4208   -0.4577
   -0.3521    0.7722    0.4389   -0.0414   -0.2923


d =

   -4.1766         0         0         0         0
         0   -1.6214         0         0         0
         0         0    3.3586         0         0
         0         0         0    7.0696         0
         0         0         0         0   21.3698

>> 


