
>> A=[ 6     4     5     1     3;4     6     6     2     1;2     6     8     15     5;1     2     9     4     3; 3     1     5     8     1]

A =

     6     4     5     1     3
     4     6     6     2     1
     2     6     8    15     5
     1     2     9     4     3
     3     1     5     8     1

>> B=A'

B =

     6     4     2     1     3
     4     6     6     2     1
     5     6     8     9     5
     1     2    15     4     8
     3     1     5     3     1

>> C=B*A

C =

    66    65    94    72    38
    65    93   127   122    55
    94   127   231   213    93
    72   122   213   310   100
    38    55    93   100    45

>> [v,d]=eig(C)

v =

    0.0540    0.6596    0.5026    0.5028    0.2378
   -0.1820   -0.7208    0.4627    0.3408    0.3422
   -0.2174    0.0579   -0.6932    0.3671    0.5780
   -0.1003    0.1429    0.2169   -0.7029    0.6545
    0.9522   -0.1470   -0.0755    0.0464    0.2528


d =

    4.8785         0         0         0         0
         0   10.3495         0         0         0
         0         0   21.5560         0         0
         0         0         0   81.5273         0
         0         0         0         0  626.6887